# nurbs mesh v.2.1
#
# 07-Mar-2023
#
2 3 56 112 0 
PATCH 1 
1 2 
2 3 
0.000000000000000   0.000000000000000   1.000000000000000   1.000000000000000   
0.000000000000000   0.000000000000000   0.000000000000000   1.000000000000000   1.000000000000000   1.000000000000000   
-0.323223304703363   -0.323223304703363   -0.103553390593274   -0.103553390593274   -0.323223304703363   -0.323223304703363   
-0.676776695296637   -0.676776695296637   -0.353553390593274   -0.353553390593274   -0.323223304703363   -0.323223304703363   
-0.500000000000000   0.500000000000000   -0.353553390593274   0.353553390593274   -0.500000000000000   0.500000000000000   
1.000000000000000   1.000000000000000   0.707106781186547   0.707106781186547   1.000000000000000   1.000000000000000   
PATCH 2 
2 1 
3 2 
0.000000000000000   0.000000000000000   0.000000000000000   1.000000000000000   1.000000000000000   1.000000000000000   
0.000000000000000   0.000000000000000   1.000000000000000   1.000000000000000   
-0.323223304703363   -0.103553390593274   -0.323223304703363   0.000000000000000   0.000000000000000   0.000000000000000   
-0.676776695296637   -0.353553390593274   -0.323223304703363   -1.000000000000000   -0.500000000000000   0.000000000000000   
-0.500000000000000   -0.353553390593274   -0.500000000000000   -0.500000000000000   -0.500000000000000   -0.500000000000000   
1.000000000000000   0.707106781186547   1.000000000000000   1.000000000000000   1.000000000000000   1.000000000000000   
PATCH 3 
1 2 
2 3 
0.000000000000000   0.000000000000000   1.000000000000000   1.000000000000000   
0.000000000000000   0.000000000000000   0.000000000000000   1.000000000000000   1.000000000000000   1.000000000000000   
-0.323223304703363   0.000000000000000   -0.103553390593274   0.000000000000000   -0.323223304703363   0.000000000000000   
-0.676776695296637   -1.000000000000000   -0.353553390593274   -0.500000000000000   -0.323223304703363   0.000000000000000   
0.500000000000000   0.500000000000000   0.353553390593274   0.500000000000000   0.500000000000000   0.500000000000000   
1.000000000000000   1.000000000000000   0.707106781186547   1.000000000000000   1.000000000000000   1.000000000000000   
PATCH 4 
1 2 
2 3 
0.000000000000000   0.000000000000000   1.000000000000000   1.000000000000000   
0.000000000000000   0.000000000000000   0.000000000000000   1.000000000000000   1.000000000000000   1.000000000000000   
-0.323223304703363   -0.323223304703363   -0.353553390593274   -0.353553390593274   -0.676776695296637   -0.676776695296637   
-0.323223304703363   -0.323223304703363   -0.103553390593274   -0.103553390593274   -0.323223304703363   -0.323223304703363   
-0.500000000000000   0.500000000000000   -0.353553390593274   0.353553390593274   -0.500000000000000   0.500000000000000   
1.000000000000000   1.000000000000000   0.707106781186547   0.707106781186547   1.000000000000000   1.000000000000000   
PATCH 5 
2 1 
3 2 
0.000000000000000   0.000000000000000   0.000000000000000   1.000000000000000   1.000000000000000   1.000000000000000   
0.000000000000000   0.000000000000000   1.000000000000000   1.000000000000000   
-0.323223304703363   -0.353553390593274   -0.676776695296637   0.000000000000000   -0.500000000000000   -1.000000000000000   
-0.323223304703363   -0.103553390593274   -0.323223304703363   0.000000000000000   0.000000000000000   0.000000000000000   
-0.500000000000000   -0.353553390593274   -0.500000000000000   -0.500000000000000   -0.500000000000000   -0.500000000000000   
1.000000000000000   0.707106781186547   1.000000000000000   1.000000000000000   1.000000000000000   1.000000000000000   
PATCH 6 
1 2 
2 3 
0.000000000000000   0.000000000000000   1.000000000000000   1.000000000000000   
0.000000000000000   0.000000000000000   0.000000000000000   1.000000000000000   1.000000000000000   1.000000000000000   
-0.323223304703363   0.000000000000000   -0.353553390593274   -0.500000000000000   -0.676776695296637   -1.000000000000000   
-0.323223304703363   0.000000000000000   -0.103553390593274   0.000000000000000   -0.323223304703363   0.000000000000000   
0.500000000000000   0.500000000000000   0.353553390593274   0.500000000000000   0.500000000000000   0.500000000000000   
1.000000000000000   1.000000000000000   0.707106781186547   1.000000000000000   1.000000000000000   1.000000000000000   
PATCH 7 
1 2 
2 3 
0.000000000000000   0.000000000000000   1.000000000000000   1.000000000000000   
0.000000000000000   0.000000000000000   0.000000000000000   1.000000000000000   1.000000000000000   1.000000000000000   
-0.676776695296637   -0.676776695296637   -0.603553390593274   -0.603553390593274   -0.676776695296637   -0.676776695296637   
-0.323223304703363   -0.323223304703363   -0.353553390593274   -0.353553390593274   -0.676776695296637   -0.676776695296637   
-0.500000000000000   0.500000000000000   -0.353553390593274   0.353553390593274   -0.500000000000000   0.500000000000000   
1.000000000000000   1.000000000000000   0.707106781186547   0.707106781186547   1.000000000000000   1.000000000000000   
PATCH 8 
2 1 
3 2 
0.000000000000000   0.000000000000000   0.000000000000000   1.000000000000000   1.000000000000000   1.000000000000000   
0.000000000000000   0.000000000000000   1.000000000000000   1.000000000000000   
-1.000000000000000   -1.000000000000000   -1.000000000000000   -1.000000000000000   -1.000000000000000   -1.000000000000000   
0.000000000000000   -0.500000000000000   -1.000000000000000   0.000000000000000   -0.500000000000000   -1.000000000000000   
-0.500000000000000   -0.500000000000000   -0.500000000000000   0.500000000000000   0.500000000000000   0.500000000000000   
1.000000000000000   1.000000000000000   1.000000000000000   1.000000000000000   1.000000000000000   1.000000000000000   
PATCH 9 
2 1 
3 2 
0.000000000000000   0.000000000000000   0.000000000000000   1.000000000000000   1.000000000000000   1.000000000000000   
0.000000000000000   0.000000000000000   1.000000000000000   1.000000000000000   
-0.676776695296637   -0.603553390593274   -0.676776695296637   -1.000000000000000   -1.000000000000000   -1.000000000000000   
-0.323223304703363   -0.353553390593274   -0.676776695296637   0.000000000000000   -0.500000000000000   -1.000000000000000   
-0.500000000000000   -0.353553390593274   -0.500000000000000   -0.500000000000000   -0.500000000000000   -0.500000000000000   
1.000000000000000   0.707106781186547   1.000000000000000   1.000000000000000   1.000000000000000   1.000000000000000   
PATCH 10 
1 2 
2 3 
0.000000000000000   0.000000000000000   1.000000000000000   1.000000000000000   
0.000000000000000   0.000000000000000   0.000000000000000   1.000000000000000   1.000000000000000   1.000000000000000   
-0.676776695296637   -1.000000000000000   -0.603553390593274   -1.000000000000000   -0.676776695296637   -1.000000000000000   
-0.323223304703363   0.000000000000000   -0.353553390593274   -0.500000000000000   -0.676776695296637   -1.000000000000000   
0.500000000000000   0.500000000000000   0.353553390593274   0.500000000000000   0.500000000000000   0.500000000000000   
1.000000000000000   1.000000000000000   0.707106781186547   1.000000000000000   1.000000000000000   1.000000000000000   
PATCH 11 
1 2 
2 3 
0.000000000000000   0.000000000000000   1.000000000000000   1.000000000000000   
0.000000000000000   0.000000000000000   0.000000000000000   1.000000000000000   1.000000000000000   1.000000000000000   
-0.676776695296637   -0.676776695296637   -0.353553390593274   -0.353553390593274   -0.323223304703363   -0.323223304703363   
-0.676776695296637   -0.676776695296637   -0.603553390593274   -0.603553390593274   -0.676776695296637   -0.676776695296637   
-0.500000000000000   0.500000000000000   -0.353553390593274   0.353553390593274   -0.500000000000000   0.500000000000000   
1.000000000000000   1.000000000000000   0.707106781186547   0.707106781186547   1.000000000000000   1.000000000000000   
PATCH 12 
2 1 
3 2 
0.000000000000000   0.000000000000000   0.000000000000000   1.000000000000000   1.000000000000000   1.000000000000000   
0.000000000000000   0.000000000000000   1.000000000000000   1.000000000000000   
-1.000000000000000   -0.500000000000000   -0.000000000000000   -1.000000000000000   -0.500000000000000   -0.000000000000000   
-1.000000000000000   -1.000000000000000   -1.000000000000000   -1.000000000000000   -1.000000000000000   -1.000000000000000   
-0.500000000000000   -0.500000000000000   -0.500000000000000   0.500000000000000   0.500000000000000   0.500000000000000   
1.000000000000000   1.000000000000000   1.000000000000000   1.000000000000000   1.000000000000000   1.000000000000000   
PATCH 13 
2 1 
3 2 
0.000000000000000   0.000000000000000   0.000000000000000   1.000000000000000   1.000000000000000   1.000000000000000   
0.000000000000000   0.000000000000000   1.000000000000000   1.000000000000000   
-0.676776695296637   -0.353553390593274   -0.323223304703363   -1.000000000000000   -0.500000000000000   -0.000000000000000   
-0.676776695296637   -0.603553390593274   -0.676776695296637   -1.000000000000000   -1.000000000000000   -1.000000000000000   
-0.500000000000000   -0.353553390593274   -0.500000000000000   -0.500000000000000   -0.500000000000000   -0.500000000000000   
1.000000000000000   0.707106781186547   1.000000000000000   1.000000000000000   1.000000000000000   1.000000000000000   
PATCH 14 
1 2 
2 3 
0.000000000000000   0.000000000000000   1.000000000000000   1.000000000000000   
0.000000000000000   0.000000000000000   0.000000000000000   1.000000000000000   1.000000000000000   1.000000000000000   
-0.676776695296637   -1.000000000000000   -0.353553390593274   -0.500000000000000   -0.323223304703363   -0.000000000000000   
-0.676776695296637   -1.000000000000000   -0.603553390593274   -1.000000000000000   -0.676776695296637   -1.000000000000000   
0.500000000000000   0.500000000000000   0.353553390593274   0.500000000000000   0.500000000000000   0.500000000000000   
1.000000000000000   1.000000000000000   0.707106781186547   1.000000000000000   1.000000000000000   1.000000000000000   
PATCH 15 
1 2 
2 3 
0.000000000000000   0.000000000000000   1.000000000000000   1.000000000000000   
0.000000000000000   0.000000000000000   0.000000000000000   1.000000000000000   1.000000000000000   1.000000000000000   
-0.323223304703363   -0.323223304703363   -0.103553390593274   -0.103553390593274   -0.323223304703363   -0.323223304703363   
0.323223304703363   0.323223304703363   0.353553390593274   0.353553390593274   0.676776695296637   0.676776695296637   
-0.500000000000000   0.500000000000000   -0.353553390593274   0.353553390593274   -0.500000000000000   0.500000000000000   
1.000000000000000   1.000000000000000   0.707106781186547   0.707106781186547   1.000000000000000   1.000000000000000   
PATCH 16 
2 1 
3 2 
0.000000000000000   0.000000000000000   0.000000000000000   1.000000000000000   1.000000000000000   1.000000000000000   
0.000000000000000   0.000000000000000   1.000000000000000   1.000000000000000   
-0.323223304703363   -0.103553390593274   -0.323223304703363   0.000000000000000   0.000000000000000   0.000000000000000   
0.323223304703363   0.353553390593274   0.676776695296637   0.000000000000000   0.500000000000000   1.000000000000000   
-0.500000000000000   -0.353553390593274   -0.500000000000000   -0.500000000000000   -0.500000000000000   -0.500000000000000   
1.000000000000000   0.707106781186547   1.000000000000000   1.000000000000000   1.000000000000000   1.000000000000000   
PATCH 17 
1 2 
2 3 
0.000000000000000   0.000000000000000   1.000000000000000   1.000000000000000   
0.000000000000000   0.000000000000000   0.000000000000000   1.000000000000000   1.000000000000000   1.000000000000000   
-0.323223304703363   0.000000000000000   -0.103553390593274   0.000000000000000   -0.323223304703363   0.000000000000000   
0.323223304703363   0.000000000000000   0.353553390593274   0.500000000000000   0.676776695296637   1.000000000000000   
0.500000000000000   0.500000000000000   0.353553390593274   0.500000000000000   0.500000000000000   0.500000000000000   
1.000000000000000   1.000000000000000   0.707106781186547   1.000000000000000   1.000000000000000   1.000000000000000   
PATCH 18 
1 2 
2 3 
0.000000000000000   0.000000000000000   1.000000000000000   1.000000000000000   
0.000000000000000   0.000000000000000   0.000000000000000   1.000000000000000   1.000000000000000   1.000000000000000   
-0.323223304703363   -0.323223304703363   -0.353553390593274   -0.353553390593274   -0.676776695296637   -0.676776695296637   
0.676776695296637   0.676776695296637   0.603553390593274   0.603553390593274   0.676776695296637   0.676776695296637   
-0.500000000000000   0.500000000000000   -0.353553390593274   0.353553390593274   -0.500000000000000   0.500000000000000   
1.000000000000000   1.000000000000000   0.707106781186547   0.707106781186547   1.000000000000000   1.000000000000000   
PATCH 19 
2 1 
3 2 
0.000000000000000   0.000000000000000   0.000000000000000   1.000000000000000   1.000000000000000   1.000000000000000   
0.000000000000000   0.000000000000000   1.000000000000000   1.000000000000000   
0.000000000000000   -0.500000000000000   -1.000000000000000   0.000000000000000   -0.500000000000000   -1.000000000000000   
1.000000000000000   1.000000000000000   1.000000000000000   1.000000000000000   1.000000000000000   1.000000000000000   
-0.500000000000000   -0.500000000000000   -0.500000000000000   0.500000000000000   0.500000000000000   0.500000000000000   
1.000000000000000   1.000000000000000   1.000000000000000   1.000000000000000   1.000000000000000   1.000000000000000   
PATCH 20 
2 1 
3 2 
0.000000000000000   0.000000000000000   0.000000000000000   1.000000000000000   1.000000000000000   1.000000000000000   
0.000000000000000   0.000000000000000   1.000000000000000   1.000000000000000   
-0.323223304703363   -0.353553390593274   -0.676776695296637   0.000000000000000   -0.500000000000000   -1.000000000000000   
0.676776695296637   0.603553390593274   0.676776695296637   1.000000000000000   1.000000000000000   1.000000000000000   
-0.500000000000000   -0.353553390593274   -0.500000000000000   -0.500000000000000   -0.500000000000000   -0.500000000000000   
1.000000000000000   0.707106781186547   1.000000000000000   1.000000000000000   1.000000000000000   1.000000000000000   
PATCH 21 
1 2 
2 3 
0.000000000000000   0.000000000000000   1.000000000000000   1.000000000000000   
0.000000000000000   0.000000000000000   0.000000000000000   1.000000000000000   1.000000000000000   1.000000000000000   
-0.323223304703363   0.000000000000000   -0.353553390593274   -0.500000000000000   -0.676776695296637   -1.000000000000000   
0.676776695296637   1.000000000000000   0.603553390593274   1.000000000000000   0.676776695296637   1.000000000000000   
0.500000000000000   0.500000000000000   0.353553390593274   0.500000000000000   0.500000000000000   0.500000000000000   
1.000000000000000   1.000000000000000   0.707106781186547   1.000000000000000   1.000000000000000   1.000000000000000   
PATCH 22 
1 2 
2 3 
0.000000000000000   0.000000000000000   1.000000000000000   1.000000000000000   
0.000000000000000   0.000000000000000   0.000000000000000   1.000000000000000   1.000000000000000   1.000000000000000   
-0.676776695296637   -0.676776695296637   -0.603553390593274   -0.603553390593274   -0.676776695296637   -0.676776695296637   
0.676776695296637   0.676776695296637   0.353553390593274   0.353553390593274   0.323223304703363   0.323223304703363   
-0.500000000000000   0.500000000000000   -0.353553390593274   0.353553390593274   -0.500000000000000   0.500000000000000   
1.000000000000000   1.000000000000000   0.707106781186547   0.707106781186547   1.000000000000000   1.000000000000000   
PATCH 23 
2 1 
3 2 
0.000000000000000   0.000000000000000   0.000000000000000   1.000000000000000   1.000000000000000   1.000000000000000   
0.000000000000000   0.000000000000000   1.000000000000000   1.000000000000000   
-1.000000000000000   -1.000000000000000   -1.000000000000000   -1.000000000000000   -1.000000000000000   -1.000000000000000   
1.000000000000000   0.500000000000000   0.000000000000000   1.000000000000000   0.500000000000000   0.000000000000000   
-0.500000000000000   -0.500000000000000   -0.500000000000000   0.500000000000000   0.500000000000000   0.500000000000000   
1.000000000000000   1.000000000000000   1.000000000000000   1.000000000000000   1.000000000000000   1.000000000000000   
PATCH 24 
2 1 
3 2 
0.000000000000000   0.000000000000000   0.000000000000000   1.000000000000000   1.000000000000000   1.000000000000000   
0.000000000000000   0.000000000000000   1.000000000000000   1.000000000000000   
-0.676776695296637   -0.603553390593274   -0.676776695296637   -1.000000000000000   -1.000000000000000   -1.000000000000000   
0.676776695296637   0.353553390593274   0.323223304703363   1.000000000000000   0.500000000000000   0.000000000000000   
-0.500000000000000   -0.353553390593274   -0.500000000000000   -0.500000000000000   -0.500000000000000   -0.500000000000000   
1.000000000000000   0.707106781186547   1.000000000000000   1.000000000000000   1.000000000000000   1.000000000000000   
PATCH 25 
1 2 
2 3 
0.000000000000000   0.000000000000000   1.000000000000000   1.000000000000000   
0.000000000000000   0.000000000000000   0.000000000000000   1.000000000000000   1.000000000000000   1.000000000000000   
-0.676776695296637   -1.000000000000000   -0.603553390593274   -1.000000000000000   -0.676776695296637   -1.000000000000000   
0.676776695296637   1.000000000000000   0.353553390593274   0.500000000000000   0.323223304703363   0.000000000000000   
0.500000000000000   0.500000000000000   0.353553390593274   0.500000000000000   0.500000000000000   0.500000000000000   
1.000000000000000   1.000000000000000   0.707106781186547   1.000000000000000   1.000000000000000   1.000000000000000   
PATCH 26 
1 2 
2 3 
0.000000000000000   0.000000000000000   1.000000000000000   1.000000000000000   
0.000000000000000   0.000000000000000   0.000000000000000   1.000000000000000   1.000000000000000   1.000000000000000   
-0.676776695296637   -0.676776695296637   -0.353553390593274   -0.353553390593274   -0.323223304703363   -0.323223304703363   
0.323223304703363   0.323223304703363   0.103553390593274   0.103553390593274   0.323223304703363   0.323223304703363   
-0.500000000000000   0.500000000000000   -0.353553390593274   0.353553390593274   -0.500000000000000   0.500000000000000   
1.000000000000000   1.000000000000000   0.707106781186547   0.707106781186547   1.000000000000000   1.000000000000000   
PATCH 27 
2 1 
3 2 
0.000000000000000   0.000000000000000   0.000000000000000   1.000000000000000   1.000000000000000   1.000000000000000   
0.000000000000000   0.000000000000000   1.000000000000000   1.000000000000000   
-0.676776695296637   -0.353553390593274   -0.323223304703363   -1.000000000000000   -0.500000000000000   -0.000000000000000   
0.323223304703363   0.103553390593274   0.323223304703363   0.000000000000000   0.000000000000000   0.000000000000000   
-0.500000000000000   -0.353553390593274   -0.500000000000000   -0.500000000000000   -0.500000000000000   -0.500000000000000   
1.000000000000000   0.707106781186547   1.000000000000000   1.000000000000000   1.000000000000000   1.000000000000000   
PATCH 28 
1 2 
2 3 
0.000000000000000   0.000000000000000   1.000000000000000   1.000000000000000   
0.000000000000000   0.000000000000000   0.000000000000000   1.000000000000000   1.000000000000000   1.000000000000000   
-0.676776695296637   -1.000000000000000   -0.353553390593274   -0.500000000000000   -0.323223304703363   -0.000000000000000   
0.323223304703363   0.000000000000000   0.103553390593274   0.000000000000000   0.323223304703363   0.000000000000000   
0.500000000000000   0.500000000000000   0.353553390593274   0.500000000000000   0.500000000000000   0.500000000000000   
1.000000000000000   1.000000000000000   0.707106781186547   1.000000000000000   1.000000000000000   1.000000000000000   
PATCH 29 
1 2 
2 3 
0.000000000000000   0.000000000000000   1.000000000000000   1.000000000000000   
0.000000000000000   0.000000000000000   0.000000000000000   1.000000000000000   1.000000000000000   1.000000000000000   
0.676776695296637   0.676776695296637   0.603553390593274   0.603553390593274   0.676776695296637   0.676776695296637   
-0.676776695296637   -0.676776695296637   -0.353553390593274   -0.353553390593274   -0.323223304703363   -0.323223304703363   
-0.500000000000000   0.500000000000000   -0.353553390593274   0.353553390593274   -0.500000000000000   0.500000000000000   
1.000000000000000   1.000000000000000   0.707106781186547   0.707106781186547   1.000000000000000   1.000000000000000   
PATCH 30 
2 1 
3 2 
0.000000000000000   0.000000000000000   0.000000000000000   1.000000000000000   1.000000000000000   1.000000000000000   
0.000000000000000   0.000000000000000   1.000000000000000   1.000000000000000   
1.000000000000000   1.000000000000000   1.000000000000000   1.000000000000000   1.000000000000000   1.000000000000000   
-1.000000000000000   -0.500000000000000   0.000000000000000   -1.000000000000000   -0.500000000000000   0.000000000000000   
-0.500000000000000   -0.500000000000000   -0.500000000000000   0.500000000000000   0.500000000000000   0.500000000000000   
1.000000000000000   1.000000000000000   1.000000000000000   1.000000000000000   1.000000000000000   1.000000000000000   
PATCH 31 
2 1 
3 2 
0.000000000000000   0.000000000000000   0.000000000000000   1.000000000000000   1.000000000000000   1.000000000000000   
0.000000000000000   0.000000000000000   1.000000000000000   1.000000000000000   
0.676776695296637   0.603553390593274   0.676776695296637   1.000000000000000   1.000000000000000   1.000000000000000   
-0.676776695296637   -0.353553390593274   -0.323223304703363   -1.000000000000000   -0.500000000000000   0.000000000000000   
-0.500000000000000   -0.353553390593274   -0.500000000000000   -0.500000000000000   -0.500000000000000   -0.500000000000000   
1.000000000000000   0.707106781186547   1.000000000000000   1.000000000000000   1.000000000000000   1.000000000000000   
PATCH 32 
1 2 
2 3 
0.000000000000000   0.000000000000000   1.000000000000000   1.000000000000000   
0.000000000000000   0.000000000000000   0.000000000000000   1.000000000000000   1.000000000000000   1.000000000000000   
0.676776695296637   1.000000000000000   0.603553390593274   1.000000000000000   0.676776695296637   1.000000000000000   
-0.676776695296637   -1.000000000000000   -0.353553390593274   -0.500000000000000   -0.323223304703363   0.000000000000000   
0.500000000000000   0.500000000000000   0.353553390593274   0.500000000000000   0.500000000000000   0.500000000000000   
1.000000000000000   1.000000000000000   0.707106781186547   1.000000000000000   1.000000000000000   1.000000000000000   
PATCH 33 
1 2 
2 3 
0.000000000000000   0.000000000000000   1.000000000000000   1.000000000000000   
0.000000000000000   0.000000000000000   0.000000000000000   1.000000000000000   1.000000000000000   1.000000000000000   
0.676776695296637   0.676776695296637   0.353553390593274   0.353553390593274   0.323223304703363   0.323223304703363   
-0.323223304703363   -0.323223304703363   -0.103553390593274   -0.103553390593274   -0.323223304703363   -0.323223304703363   
-0.500000000000000   0.500000000000000   -0.353553390593274   0.353553390593274   -0.500000000000000   0.500000000000000   
1.000000000000000   1.000000000000000   0.707106781186547   0.707106781186547   1.000000000000000   1.000000000000000   
PATCH 34 
2 1 
3 2 
0.000000000000000   0.000000000000000   0.000000000000000   1.000000000000000   1.000000000000000   1.000000000000000   
0.000000000000000   0.000000000000000   1.000000000000000   1.000000000000000   
0.676776695296637   0.353553390593274   0.323223304703363   1.000000000000000   0.500000000000000   0.000000000000000   
-0.323223304703363   -0.103553390593274   -0.323223304703363   0.000000000000000   0.000000000000000   0.000000000000000   
-0.500000000000000   -0.353553390593274   -0.500000000000000   -0.500000000000000   -0.500000000000000   -0.500000000000000   
1.000000000000000   0.707106781186547   1.000000000000000   1.000000000000000   1.000000000000000   1.000000000000000   
PATCH 35 
1 2 
2 3 
0.000000000000000   0.000000000000000   1.000000000000000   1.000000000000000   
0.000000000000000   0.000000000000000   0.000000000000000   1.000000000000000   1.000000000000000   1.000000000000000   
0.676776695296637   1.000000000000000   0.353553390593274   0.500000000000000   0.323223304703363   0.000000000000000   
-0.323223304703363   0.000000000000000   -0.103553390593274   0.000000000000000   -0.323223304703363   0.000000000000000   
0.500000000000000   0.500000000000000   0.353553390593274   0.500000000000000   0.500000000000000   0.500000000000000   
1.000000000000000   1.000000000000000   0.707106781186547   1.000000000000000   1.000000000000000   1.000000000000000   
PATCH 36 
1 2 
2 3 
0.000000000000000   0.000000000000000   1.000000000000000   1.000000000000000   
0.000000000000000   0.000000000000000   0.000000000000000   1.000000000000000   1.000000000000000   1.000000000000000   
0.323223304703363   0.323223304703363   0.103553390593274   0.103553390593274   0.323223304703363   0.323223304703363   
-0.323223304703363   -0.323223304703363   -0.353553390593274   -0.353553390593274   -0.676776695296637   -0.676776695296637   
-0.500000000000000   0.500000000000000   -0.353553390593274   0.353553390593274   -0.500000000000000   0.500000000000000   
1.000000000000000   1.000000000000000   0.707106781186547   0.707106781186547   1.000000000000000   1.000000000000000   
PATCH 37 
2 1 
3 2 
0.000000000000000   0.000000000000000   0.000000000000000   1.000000000000000   1.000000000000000   1.000000000000000   
0.000000000000000   0.000000000000000   1.000000000000000   1.000000000000000   
0.323223304703363   0.103553390593274   0.323223304703363   0.000000000000000   0.000000000000000   0.000000000000000   
-0.323223304703363   -0.353553390593274   -0.676776695296637   0.000000000000000   -0.500000000000000   -1.000000000000000   
-0.500000000000000   -0.353553390593274   -0.500000000000000   -0.500000000000000   -0.500000000000000   -0.500000000000000   
1.000000000000000   0.707106781186547   1.000000000000000   1.000000000000000   1.000000000000000   1.000000000000000   
PATCH 38 
1 2 
2 3 
0.000000000000000   0.000000000000000   1.000000000000000   1.000000000000000   
0.000000000000000   0.000000000000000   0.000000000000000   1.000000000000000   1.000000000000000   1.000000000000000   
0.323223304703363   0.000000000000000   0.103553390593274   0.000000000000000   0.323223304703363   0.000000000000000   
-0.323223304703363   0.000000000000000   -0.353553390593274   -0.500000000000000   -0.676776695296637   -1.000000000000000   
0.500000000000000   0.500000000000000   0.353553390593274   0.500000000000000   0.500000000000000   0.500000000000000   
1.000000000000000   1.000000000000000   0.707106781186547   1.000000000000000   1.000000000000000   1.000000000000000   
PATCH 39 
1 2 
2 3 
0.000000000000000   0.000000000000000   1.000000000000000   1.000000000000000   
0.000000000000000   0.000000000000000   0.000000000000000   1.000000000000000   1.000000000000000   1.000000000000000   
0.323223304703363   0.323223304703363   0.353553390593274   0.353553390593274   0.676776695296637   0.676776695296637   
-0.676776695296637   -0.676776695296637   -0.603553390593274   -0.603553390593274   -0.676776695296637   -0.676776695296637   
-0.500000000000000   0.500000000000000   -0.353553390593274   0.353553390593274   -0.500000000000000   0.500000000000000   
1.000000000000000   1.000000000000000   0.707106781186547   0.707106781186547   1.000000000000000   1.000000000000000   
PATCH 40 
2 1 
3 2 
0.000000000000000   0.000000000000000   0.000000000000000   1.000000000000000   1.000000000000000   1.000000000000000   
0.000000000000000   0.000000000000000   1.000000000000000   1.000000000000000   
0.000000000000000   0.500000000000000   1.000000000000000   0.000000000000000   0.500000000000000   1.000000000000000   
-1.000000000000000   -1.000000000000000   -1.000000000000000   -1.000000000000000   -1.000000000000000   -1.000000000000000   
-0.500000000000000   -0.500000000000000   -0.500000000000000   0.500000000000000   0.500000000000000   0.500000000000000   
1.000000000000000   1.000000000000000   1.000000000000000   1.000000000000000   1.000000000000000   1.000000000000000   
PATCH 41 
2 1 
3 2 
0.000000000000000   0.000000000000000   0.000000000000000   1.000000000000000   1.000000000000000   1.000000000000000   
0.000000000000000   0.000000000000000   1.000000000000000   1.000000000000000   
0.323223304703363   0.353553390593274   0.676776695296637   0.000000000000000   0.500000000000000   1.000000000000000   
-0.676776695296637   -0.603553390593274   -0.676776695296637   -1.000000000000000   -1.000000000000000   -1.000000000000000   
-0.500000000000000   -0.353553390593274   -0.500000000000000   -0.500000000000000   -0.500000000000000   -0.500000000000000   
1.000000000000000   0.707106781186547   1.000000000000000   1.000000000000000   1.000000000000000   1.000000000000000   
PATCH 42 
1 2 
2 3 
0.000000000000000   0.000000000000000   1.000000000000000   1.000000000000000   
0.000000000000000   0.000000000000000   0.000000000000000   1.000000000000000   1.000000000000000   1.000000000000000   
0.323223304703363   0.000000000000000   0.353553390593274   0.500000000000000   0.676776695296637   1.000000000000000   
-0.676776695296637   -1.000000000000000   -0.603553390593274   -1.000000000000000   -0.676776695296637   -1.000000000000000   
0.500000000000000   0.500000000000000   0.353553390593274   0.500000000000000   0.500000000000000   0.500000000000000   
1.000000000000000   1.000000000000000   0.707106781186547   1.000000000000000   1.000000000000000   1.000000000000000   
PATCH 43 
1 2 
2 3 
0.000000000000000   0.000000000000000   1.000000000000000   1.000000000000000   
0.000000000000000   0.000000000000000   0.000000000000000   1.000000000000000   1.000000000000000   1.000000000000000   
0.676776695296637   0.676776695296637   0.603553390593274   0.603553390593274   0.676776695296637   0.676776695296637   
0.323223304703363   0.323223304703363   0.353553390593274   0.353553390593274   0.676776695296637   0.676776695296637   
-0.500000000000000   0.500000000000000   -0.353553390593274   0.353553390593274   -0.500000000000000   0.500000000000000   
1.000000000000000   1.000000000000000   0.707106781186547   0.707106781186547   1.000000000000000   1.000000000000000   
PATCH 44 
2 1 
3 2 
0.000000000000000   0.000000000000000   0.000000000000000   1.000000000000000   1.000000000000000   1.000000000000000   
0.000000000000000   0.000000000000000   1.000000000000000   1.000000000000000   
1.000000000000000   1.000000000000000   1.000000000000000   1.000000000000000   1.000000000000000   1.000000000000000   
0.000000000000000   0.500000000000000   1.000000000000000   0.000000000000000   0.500000000000000   1.000000000000000   
-0.500000000000000   -0.500000000000000   -0.500000000000000   0.500000000000000   0.500000000000000   0.500000000000000   
1.000000000000000   1.000000000000000   1.000000000000000   1.000000000000000   1.000000000000000   1.000000000000000   
PATCH 45 
2 1 
3 2 
0.000000000000000   0.000000000000000   0.000000000000000   1.000000000000000   1.000000000000000   1.000000000000000   
0.000000000000000   0.000000000000000   1.000000000000000   1.000000000000000   
0.676776695296637   0.603553390593274   0.676776695296637   1.000000000000000   1.000000000000000   1.000000000000000   
0.323223304703363   0.353553390593274   0.676776695296637   0.000000000000000   0.500000000000000   1.000000000000000   
-0.500000000000000   -0.353553390593274   -0.500000000000000   -0.500000000000000   -0.500000000000000   -0.500000000000000   
1.000000000000000   0.707106781186547   1.000000000000000   1.000000000000000   1.000000000000000   1.000000000000000   
PATCH 46 
1 2 
2 3 
0.000000000000000   0.000000000000000   1.000000000000000   1.000000000000000   
0.000000000000000   0.000000000000000   0.000000000000000   1.000000000000000   1.000000000000000   1.000000000000000   
0.676776695296637   1.000000000000000   0.603553390593274   1.000000000000000   0.676776695296637   1.000000000000000   
0.323223304703363   0.000000000000000   0.353553390593274   0.500000000000000   0.676776695296637   1.000000000000000   
0.500000000000000   0.500000000000000   0.353553390593274   0.500000000000000   0.500000000000000   0.500000000000000   
1.000000000000000   1.000000000000000   0.707106781186547   1.000000000000000   1.000000000000000   1.000000000000000   
PATCH 47 
1 2 
2 3 
0.000000000000000   0.000000000000000   1.000000000000000   1.000000000000000   
0.000000000000000   0.000000000000000   0.000000000000000   1.000000000000000   1.000000000000000   1.000000000000000   
0.676776695296637   0.676776695296637   0.353553390593274   0.353553390593274   0.323223304703363   0.323223304703363   
0.676776695296637   0.676776695296637   0.603553390593274   0.603553390593274   0.676776695296637   0.676776695296637   
-0.500000000000000   0.500000000000000   -0.353553390593274   0.353553390593274   -0.500000000000000   0.500000000000000   
1.000000000000000   1.000000000000000   0.707106781186547   0.707106781186547   1.000000000000000   1.000000000000000   
PATCH 48 
2 1 
3 2 
0.000000000000000   0.000000000000000   0.000000000000000   1.000000000000000   1.000000000000000   1.000000000000000   
0.000000000000000   0.000000000000000   1.000000000000000   1.000000000000000   
1.000000000000000   0.500000000000000   0.000000000000000   1.000000000000000   0.500000000000000   0.000000000000000   
1.000000000000000   1.000000000000000   1.000000000000000   1.000000000000000   1.000000000000000   1.000000000000000   
-0.500000000000000   -0.500000000000000   -0.500000000000000   0.500000000000000   0.500000000000000   0.500000000000000   
1.000000000000000   1.000000000000000   1.000000000000000   1.000000000000000   1.000000000000000   1.000000000000000   
PATCH 49 
2 1 
3 2 
0.000000000000000   0.000000000000000   0.000000000000000   1.000000000000000   1.000000000000000   1.000000000000000   
0.000000000000000   0.000000000000000   1.000000000000000   1.000000000000000   
0.676776695296637   0.353553390593274   0.323223304703363   1.000000000000000   0.500000000000000   0.000000000000000   
0.676776695296637   0.603553390593274   0.676776695296637   1.000000000000000   1.000000000000000   1.000000000000000   
-0.500000000000000   -0.353553390593274   -0.500000000000000   -0.500000000000000   -0.500000000000000   -0.500000000000000   
1.000000000000000   0.707106781186547   1.000000000000000   1.000000000000000   1.000000000000000   1.000000000000000   
PATCH 50 
1 2 
2 3 
0.000000000000000   0.000000000000000   1.000000000000000   1.000000000000000   
0.000000000000000   0.000000000000000   0.000000000000000   1.000000000000000   1.000000000000000   1.000000000000000   
0.676776695296637   1.000000000000000   0.353553390593274   0.500000000000000   0.323223304703363   0.000000000000000   
0.676776695296637   1.000000000000000   0.603553390593274   1.000000000000000   0.676776695296637   1.000000000000000   
0.500000000000000   0.500000000000000   0.353553390593274   0.500000000000000   0.500000000000000   0.500000000000000   
1.000000000000000   1.000000000000000   0.707106781186547   1.000000000000000   1.000000000000000   1.000000000000000   
PATCH 51 
1 2 
2 3 
0.000000000000000   0.000000000000000   1.000000000000000   1.000000000000000   
0.000000000000000   0.000000000000000   0.000000000000000   1.000000000000000   1.000000000000000   1.000000000000000   
0.323223304703363   0.323223304703363   0.103553390593274   0.103553390593274   0.323223304703363   0.323223304703363   
0.676776695296637   0.676776695296637   0.353553390593274   0.353553390593274   0.323223304703363   0.323223304703363   
-0.500000000000000   0.500000000000000   -0.353553390593274   0.353553390593274   -0.500000000000000   0.500000000000000   
1.000000000000000   1.000000000000000   0.707106781186547   0.707106781186547   1.000000000000000   1.000000000000000   
PATCH 52 
2 1 
3 2 
0.000000000000000   0.000000000000000   0.000000000000000   1.000000000000000   1.000000000000000   1.000000000000000   
0.000000000000000   0.000000000000000   1.000000000000000   1.000000000000000   
0.323223304703363   0.103553390593274   0.323223304703363   0.000000000000000   0.000000000000000   0.000000000000000   
0.676776695296637   0.353553390593274   0.323223304703363   1.000000000000000   0.500000000000000   0.000000000000000   
-0.500000000000000   -0.353553390593274   -0.500000000000000   -0.500000000000000   -0.500000000000000   -0.500000000000000   
1.000000000000000   0.707106781186547   1.000000000000000   1.000000000000000   1.000000000000000   1.000000000000000   
PATCH 53 
1 2 
2 3 
0.000000000000000   0.000000000000000   1.000000000000000   1.000000000000000   
0.000000000000000   0.000000000000000   0.000000000000000   1.000000000000000   1.000000000000000   1.000000000000000   
0.323223304703363   0.000000000000000   0.103553390593274   0.000000000000000   0.323223304703363   0.000000000000000   
0.676776695296637   1.000000000000000   0.353553390593274   0.500000000000000   0.323223304703363   0.000000000000000   
0.500000000000000   0.500000000000000   0.353553390593274   0.500000000000000   0.500000000000000   0.500000000000000   
1.000000000000000   1.000000000000000   0.707106781186547   1.000000000000000   1.000000000000000   1.000000000000000   
PATCH 54 
1 2 
2 3 
0.000000000000000   0.000000000000000   1.000000000000000   1.000000000000000   
0.000000000000000   0.000000000000000   0.000000000000000   1.000000000000000   1.000000000000000   1.000000000000000   
0.323223304703363   0.323223304703363   0.353553390593274   0.353553390593274   0.676776695296637   0.676776695296637   
0.323223304703363   0.323223304703363   0.103553390593274   0.103553390593274   0.323223304703363   0.323223304703363   
-0.500000000000000   0.500000000000000   -0.353553390593274   0.353553390593274   -0.500000000000000   0.500000000000000   
1.000000000000000   1.000000000000000   0.707106781186547   0.707106781186547   1.000000000000000   1.000000000000000   
PATCH 55 
2 1 
3 2 
0.000000000000000   0.000000000000000   0.000000000000000   1.000000000000000   1.000000000000000   1.000000000000000   
0.000000000000000   0.000000000000000   1.000000000000000   1.000000000000000   
0.323223304703363   0.353553390593274   0.676776695296637   0.000000000000000   0.500000000000000   1.000000000000000   
0.323223304703363   0.103553390593274   0.323223304703363   0.000000000000000   0.000000000000000   0.000000000000000   
-0.500000000000000   -0.353553390593274   -0.500000000000000   -0.500000000000000   -0.500000000000000   -0.500000000000000   
1.000000000000000   0.707106781186547   1.000000000000000   1.000000000000000   1.000000000000000   1.000000000000000   
PATCH 56 
1 2 
2 3 
0.000000000000000   0.000000000000000   1.000000000000000   1.000000000000000   
0.000000000000000   0.000000000000000   0.000000000000000   1.000000000000000   1.000000000000000   1.000000000000000   
0.323223304703363   0.000000000000000   0.353553390593274   0.500000000000000   0.676776695296637   1.000000000000000   
0.323223304703363   0.000000000000000   0.103553390593274   0.000000000000000   0.323223304703363   0.000000000000000   
0.500000000000000   0.500000000000000   0.353553390593274   0.500000000000000   0.500000000000000   0.500000000000000   
